%YAML:1.0
---
_cameraMatrix: !!opencv-matrix
   rows: 3
   cols: 3
   dt: d
   data: [ 2.3850625062531340e+03, 0., 1.1942935050995654e+03, 0.,
       2.3870882865582962e+03, 1.0466977653996310e+03, 0., 0., 1. ]
_distortMatrix: !!opencv-matrix
   rows: 1
   cols: 5
   dt: d
   data: [ 1.4075849766868347e-04, -7.1987512301745389e-04,
       2.0814673506948225e-05, 9.6997873109271925e-07,
       8.8517942826574257e-04 ]
_imageSize: [ 0, 0 ]
